00000000000000000000000000000100 00000000000000000000000000000000 00000000000000000000000000000000 00000000000000000000000101111100 00000000000000000000000000000000 00000000000000000000000000000000 00000000000000000000000000000000 00000000000000000000000000000000 00000000000000000000000000000000 00000000000000000000000000000000 00000000000000000000000000000000 00000000000000000000000000000000 00000000000000000000000000000000 00000000000000000000000000000000 00000000000000000000000000000000 00000000000000000000000000000000 00000000000000000000000000000000 00000000000000000000000000000000 00000000000000000000000000000000 00000000000000000000000000000000 00000000000000000000000000000000 00000000000000000000000000001000 00000000000000000000000000000000 00000000000000000000000000000000 00000000000000000000000000000000 00000000000000000000000000000000 00000000000000000000000000000000 00000000000000000000000000000000 00000000000000000000000000000000 00000000000000000000000000000000 00000000000000000000000000000000 00000000000000000000000000000000 00000000000000000000000000000000
00000000000000000000000000001000 00000000000000000000000000000000 00000000000000000000000000000000 00000000000000000000000101111100 00000000000000000000000000000000 00000000000000000000000000000000 00000000000000000000000000000000 00000000000000000000000000000000 00000000000000000000000000000000 00000000000000000000000000000000 00000000000000000000000000000000 00000000000000000000000000000000 00000000000000000000000000000000 00000000000000000000000000000000 00000000000000000000000000000000 00000000000000000000000000000000 00000000000000000000000000000000 00000000000000000000000000000000 00000000000000000000000000000000 00000000000000000000000000000000 00000000000000000000000000000000 00000000000000000000000000001000 00000000000000000000000000000000 00000000000000000000000000000100 00000000000000000000000000000000 00000000000000000000000000000000 00000000000000000000000000000000 00000000000000000000000000000000 00000000000000000000000000000000 00000000000000000000000000000000 00000000000000000000000000000000 00000000000000000000000000000000 00000000000000000000000000000000
00000000000000000000000000001100 00000000000000000000000000000000 00000000000000000000000000000000 00000000000000000000000101111100 00000000000000000000000000000000 00000000000000000000000000000000 00000000000000000000000000000000 00000000000000000000000000000000 00000000000000000000000000000000 00000000000000000000000000000000 00000000000000000000000000000000 00000000000000000000000000000000 00000000000000000000000000000000 00000000000000000000000000000000 00000000000000000000000000000000 00000000000000000000000000000000 00000000000000000000000000000000 00000000000000000000000000000000 00000000000000000000000000000000 00000000000000000000000000000000 00000000000000000000000000000000 00000000000000000000000000001000 00000000000000000000000000000000 00000000000000000000000000000100 00000000000000000000000000000000 00000000000000000000000000000000 00000000000000000000000000000000 00000000000000000000000000000000 00000000000000000000000000000000 00000000000000000000000000000000 00000000000000000000000000000000 00000000000000000000000000000000 00000000000000000000000000000000
00000000000000000000000000010000 00000000000000000000000000000000 00000000000000000000000000000000 00000000000000000000000101111100 00000000000000000000000000000000 00000000000000000000000000000000 00000000000000000000000000000000 00000000000000000000000000000000 00000000000000000000000000000000 00000000000000000000000000000000 00000000000000000000000000000000 00000000000000000000000000000000 00000000000000000000000000000000 00000000000000000000000000000000 00000000000000000000000000000000 00000000000000000000000000000000 00000000000000000000000000000000 00000000000000000000000000000000 00000000000000000000000000000000 00000000000000000000000000000000 00000000000000000000000000000000 00000000000000000000000000001000 00000000000000000000000000000000 00000000000000000000000000010100 00000000000000000000000000000000 00000000000000000000000000000000 00000000000000000000000000000000 00000000000000000000000000000000 00000000000000000000000000000000 00000000000000000000000000000000 00000000000000000000000000000000 00000000000000000000000000000000 00000000000000000000000000000000
00000000000000000000000000011000 00000000000000000000000000000000 00000000000000000000000000000000 00000000000000000000000101111100 00000000000000000000000000000000 00000000000000000000000000000000 00000000000000000000000000000000 00000000000000000000000000000000 00000000000000000000000000000000 00000000000000000000000000000000 00000000000000000000000000000000 00000000000000000000000000000000 00000000000000000000000000000000 00000000000000000000000000000000 00000000000000000000000000000000 00000000000000000000000000000000 00000000000000000000000000000000 00000000000000000000000000000000 00000000000000000000000000000000 00000000000000000000000000000000 00000000000000000000000000000000 00000000000000000000000000001000 00000000000000000000000000000000 00000000000000000000000000010100 00000000000000000000000000000000 00000000000000000000000000000000 00000000000000000000000000000000 00000000000000000000000000000000 00000000000000000000000000000000 00000000000000000000000000000000 00000000000000000000000000000000 00000000000000000000000000000000 00000000000000000000000000000000
00000000000000000000000000011100 00000000000000000000000000000000 00000000000000000000000000000000 00000000000000000000000101111100 00000000000000000000000000000000 00000000000000000000000000000000 00000000000000000000000000000100 00000000000000000000000000000000 00000000000000000000000000000000 00000000000000000000000000000000 00000000000000000000000000000000 00000000000000000000000000000000 00000000000000000000000000000000 00000000000000000000000000000000 00000000000000000000000000000000 00000000000000000000000000000000 00000000000000000000000000000000 00000000000000000000000000000000 00000000000000000000000000000000 00000000000000000000000000000000 00000000000000000000000000000000 00000000000000000000000000001000 00000000000000000000000000000000 00000000000000000000000000010100 00000000000000000000000000000000 00000000000000000000000000000000 00000000000000000000000000000000 00000000000000000000000000000000 00000000000000000000000000000000 00000000000000000000000000000000 00000000000000000000000000000000 00000000000000000000000000000000 00000000000000000000000000000000
00000000000000000000000000100000 00000000000000000000000000000000 00000000000000000000000000000000 00000000000000000000000101111100 00000000000000000000000000000000 00000000000000000000000000000000 00000000000000000000000000000100 00000000000000000000000000000000 00000000000000000000000000000000 00000000000000000000000000001000 00000000000000000000000000000000 00000000000000000000000000000000 00000000000000000000000000000000 00000000000000000000000000000000 00000000000000000000000000000000 00000000000000000000000000000000 00000000000000000000000000000000 00000000000000000000000000000000 00000000000000000000000000000000 00000000000000000000000000000000 00000000000000000000000000000000 00000000000000000000000000001000 00000000000000000000000000000000 00000000000000000000000000010100 00000000000000000000000000000000 00000000000000000000000000000000 00000000000000000000000000000000 00000000000000000000000000000000 00000000000000000000000000000000 00000000000000000000000000000000 00000000000000000000000000000000 00000000000000000000000000000000 00000000000000000000000000000000
00000000000000000000000000100100 00000000000000000000000000000000 00000000000000000000000000100100 00000000000000000000000101111100 00000000000000000000000000000000 00000000000000000000000000000000 00000000000000000000000000000100 00000000000000000000000000000000 00000000000000000000000000000000 00000000000000000000000000001000 00000000000000000000000000000000 00000000000000000000000000000000 00000000000000000000000000000000 00000000000000000000000000000000 00000000000000000000000000000000 00000000000000000000000000000000 00000000000000000000000000000000 00000000000000000000000000000000 00000000000000000000000000000000 00000000000000000000000000000000 00000000000000000000000000000000 00000000000000000000000000001000 00000000000000000000000000000000 00000000000000000000000000010100 00000000000000000000000000000000 00000000000000000000000000000000 00000000000000000000000000000000 00000000000000000000000000000000 00000000000000000000000000000000 00000000000000000000000000000000 00000000000000000000000000000000 00000000000000000000000000000000 00000000000000000000000000000000
00000000000000000000000000101000 00000000000000000000000000000000 00000000000000000000000000100100 00000000000000000000000101111100 00000000000000000000000000000000 00000000000000000000000000000000 00000000000000000000000000000100 00000000000000000000000000000000 00000000000000000000000000000000 00000000000000000000000000001000 00000000000000000000000000000000 00000000000000000000000000000000 00000000000000000000000000000000 00000000000000000000000000000000 00000000000000000000000000000000 00000000000000000000000000000000 00000000000000000000000000000000 00000000000000000000000000000000 00000000000000000000000000000000 00000000000000000000000000000000 00000000000000000000000000000000 00000000000000000000000000001000 00000000000000000000000000000000 00000000000000000000000000010100 00000000000000000000000000000000 00000000000000000000000000000000 00000000000000000000000000000000 00000000000000000000000000000000 00000000000000000000000000000000 00000000000000000000000000000000 00000000000000000000000000000000 00000000000000000000000000000000 00000000000000000000000000000000
00000000000000000000000000101100 00000000000000000000000000000000 00000000000000000000000000100100 00000000000000000000000101111100 00000000000000000000000000000000 00000000000000000000000000000000 00000000000000000000000000000100 00000000000000000000000000000000 00000000000000000000000000000000 00000000000000000000000000001000 00000000000000000000000000000000 00000000000000000000000000000000 00000000000000000000000000000000 00000000000000000000000000000000 00000000000000000000000000000000 00000000000000000000000000000000 00000000000000000000000000000000 00000000000000000000000000000000 00000000000000000000000000000000 00000000000000000000000000000000 00000000000000000000000000000000 00000000000000000000000000001000 00000000000000000000000000000000 00000000000000000000000000010100 00000000000000000000000000000000 00000000000000000000000000000000 00000000000000000000000000000000 00000000000000000000000000000000 00000000000000000000000000000000 00000000000000000000000000000000 00000000000000000000000000000000 00000000000000000000000000000000 00000000000000000000000000000000
00000000000000000000000000110000 00000000000000000000000000000000 00000000000000000000000000100100 00000000000000000000000101111100 00000000000000000000000000000000 00000000000000000000000000000000 00000000000000000000000000000100 00000000000000000000000000000000 00000000000000000000000000000000 00000000000000000000000000001000 00000000000000000000000000000000 00000000000000000000000000000000 00000000000000000000000000000000 00000000000000000000000000000000 00000000000000000000000000000000 00000000000000000000000000000000 00000000000000000000000000000000 00000000000000000000000000000000 00000000000000000000000000000000 00000000000000000000000000000000 00000000000000000000000000000000 00000000000000000000000000001000 00000000000000000000000100000000 00000000000000000000000000010100 00000000000000000000000000000000 00000000000000000000000000000000 00000000000000000000000000000000 00000000000000000000000000000000 00000000000000000000000000000000 00000000000000000000000000000000 00000000000000000000000000000000 00000000000000000000000000000000 00000000000000000000000000000000
00000000000000000000000000110100 00000000000000000000000000000000 00000000000000000000000000100100 00000000000000000000000101111100 00000000000000000000000000000000 00000000000000000000000000000000 00000000000000000000000000000100 00000000000000000000000000000000 00000000000000000000000000000000 00000000000000000000000000001000 00000000000000000000000000000000 00000000000000000000000000000000 00000000000000000000000000000000 00000000000000000000000000000000 00000000000000000000000000000000 00000000000000000000000000000000 00000000000000000000000000000000 00000000000000000000000000000000 00000000000000000000000000000000 00000000000000000000000000000000 00000000000000000000000000000000 00000000000000000000000000001000 00000000000000000000000100000000 00000000000000000000000000010100 00000000000000000000000000000000 00000000000000000000000000000000 00000000000000000000000000000000 00000000000000000000000000000000 00000000000000000000000000000000 00000000000000000000000000000000 00000000000000000000000000000000 00000000000000000000000000000000 00000000000000000000000000000000
00000000000000000000000000111000 00000000000000000000000000000000 00000000000000000000000000100100 00000000000000000000000101111100 00000000000000000000000000000000 00000000000000000000000000000000 00000000000000000000000000000100 00000000000000000000000000000000 00000000000000000000000000000000 00000000000000000000000000001000 00000000000000000000000000000000 00000000000000000000000000000000 00000000000000000000000000000000 00000000000000000000000000000000 00000000000000000000000000000000 00000000000000000000000000000000 00000000000000000000000000000000 00000000000000000000000000000000 00000000000000000000000000000000 00000000000000000000000000000000 00000000000000000000000000000000 00000000000000000000000000001000 00000000000000000000000100000000 00000000000000000000000000010100 00000000000000000000000000000000 00000000000000000000000000000000 00000000000000000000000000000000 00000000000000000000000000000000 00000000000000000000000000000000 00000000000000000000000000000000 00000000000000000000000000000000 00000000000000000000000000000000 00000000000000000000000000000000
00000000000000000000000000111100 00000000000000000000000000000000 00000000000000000000000000100100 00000000000000000000000101111100 00000000000000000000000000000000 00000000000000000000000000000000 00000000000000000000000000000100 00000000000000000000000000000000 00000000000000000000000000000000 00000000000000000000000000001000 00000000000000000000000000000000 00000000000000000000000000000000 00000000000000000000000000000000 00000000000000000000000000000000 00000000000000000000000000000000 00000000000000000000000000000000 00000000000000000000000000000000 00000000000000000000000000000000 00000000000000000000000000000000 00000000000000000000000000000000 00000000000000000000000000000000 00000000000000000000000000001000 00000000000000000000000100000000 00000000000000000000000000010100 00000000000000000000000000000000 00000000000000000000000000000000 00000000000000000000000000000000 00000000000000000000000000000000 00000000000000000000000000000000 00000000000000000000000000000000 00000000000000000000000000000000 00000000000000000000000000000000 00000000000000000000000000000000
00000000000000000000000001000000 00000000000000000000000000000000 00000000000000000000000000100100 00000000000000000000000101111100 00000000000000000000000000000000 00000000000000000000000000000000 00000000000000000000000000000100 00000000000000000000000000000000 00000000000000000000000000000000 00000000000000000000000000001000 00000000000000000000000000000000 00000000000000000000000000000000 00000000000000000000000000000000 00000000000000000000000000000000 00000000000000000000000000000000 00000000000000000000000000000000 00000000000000000000000000000000 00000000000000000000000000000000 00000000000000000000000000000000 00000000000000000000000000000000 00000000000000000000000000000000 00000000000000000000000000001000 00000000000000000000001000000000 00000000000000000000000000010100 00000000000000000000000000000000 00000000000000000000000000000000 00000000000000000000000000000000 00000000000000000000000000000000 00000000000000000000000000000000 00000000000000000000000000000000 00000000000000000000000000000000 00000000000000000000000000000000 00000000000000000000000000000000
00000000000000000000000001000100 00000000000000000000000000000000 00000000000000000000000000100100 00000000000000000000000101111100 00000000000000000000000000000000 00000000000000000000000000000000 00000000000000000000000000000100 00000000000000000000000000000000 00000000000000000000000000000000 00000000000000000000000000001000 00000000000000000000000000000000 00000000000000000000000000000000 00000000000000000000000000000000 00000000000000000000000000000000 00000000000000000000000000000000 00000000000000000000000000000000 00000000000000000000000000000000 00000000000000000000000000000000 00000000000000000000000000000000 00000000000000000000000000000000 00000000000000000000000000000000 00000000000000000000000000001000 00000000000000000000010000000000 00000000000000000000000000010100 00000000000000000000000000000000 00000000000000000000000000000000 00000000000000000000000000000000 00000000000000000000000000000000 00000000000000000000000000000000 00000000000000000000000000000000 00000000000000000000000000000000 00000000000000000000000000000000 00000000000000000000000000000000
00000000000000000000000001001000 00000000000000000000000000000000 00000000000000000000000000100100 00000000000000000000000101111100 00000000000000000000000000000000 00000000000000000000000000000000 00000000000000000000000000000100 00000000000000000000000000000000 00000000000000000000000000000000 00000000000000000000000000001000 00000000000000000000000000000000 00000000000000000000000000000000 00000000000000000000000000000000 00000000000000000000000000000000 00000000000000000000000000000000 00000000000000000000000000000000 00000000000000000000000000000000 00000000000000000000000000000000 00000000000000000000000000000000 00000000000000000000000000000000 00000000000000000000000000000000 00000000000000000000000000001000 00000000000000000000100000000000 00000000000000000000000000010100 00000000000000000000000000000000 00000000000000000000000000000000 00000000000000000000000000000000 00000000000000000000000000000000 00000000000000000000000000000000 00000000000000000000000000000000 00000000000000000000000000000000 00000000000000000000000000000000 00000000000000000000000000000000
00000000000000000000000001001100 00000000000000000000000000000000 00000000000000000000000000100100 00000000000000000000000101111100 00000000000000000000000000000000 00000000000000000000000000000000 00000000000000000000000000000100 00000000000000000000000000000000 00000000000000000000000000000000 00000000000000000000000000001000 00000000000000000000000000000000 00000000000000000000000000000000 00000000000000000000000000000000 00000000000000000000000000000000 00000000000000000000000000000000 00000000000000000000000000000000 00000000000000000000000000000000 00000000000000000000000000000000 00000000000000000000000000000000 00000000000000000000000000000000 00000000000000000000000000000000 00000000000000000000000000001000 00000000000000000001000000000000 00000000000000000000000000010100 00000000000000000000000000000000 00000000000000000000000000000000 00000000000000000000000000000000 00000000000000000000000000000000 00000000000000000000000000000000 00000000000000000000000000000000 00000000000000000000000000000000 00000000000000000000000000000000 00000000000000000000000000000000
00000000000000000000000001010000 00000000000000000000000000000000 00000000000000000000000000100100 00000000000000000000000101111100 00000000000000000000000000000000 00000000000000000000000000000000 00000000000000000000000000000100 00000000000000000000000000000000 00000000000000000000000000000000 00000000000000000000000000001000 00000000000000000000000000000000 00000000000000000000000000000000 00000000000000000000000000000000 00000000000000000000000000000000 00000000000000000000000000000000 00000000000000000000000000000000 00000000000000000000000000000000 00000000000000000000000000000000 00000000000000000000000000000000 00000000000000000000000000000000 00000000000000000000000000000000 00000000000000000000000000001000 00000000000000000010000000000000 00000000000000000000000000010100 00000000000000000000000000000000 00000000000000000000000000000000 00000000000000000000000000000000 00000000000000000000000000000000 00000000000000000000000000000000 00000000000000000000000000000000 00000000000000000000000000000000 00000000000000000000000000000000 00000000000000000000000000000000
00000000000000000000000001010100 00000000000000000000000000000000 00000000000000000000000000100100 00000000000000000000000101111100 00000000000000000000000000000000 00000000000000000000000000000000 00000000000000000000000000000100 00000000000000000000000000000000 00000000000000000000000000000000 00000000000000000000000000001000 00000000000000000000000000000000 00000000000000000000000000000000 00000000000000000000000000000000 00000000000000000000000000000000 00000000000000000000000000000000 00000000000000000000000000000000 00000000000000000000000000000000 00000000000000000000000000000000 00000000000000000000000000000000 00000000000000000000000000000000 00000000000000000000000000000000 00000000000000000000000000001000 00000000000000000100000000000000 00000000000000000000000000010100 00000000000000000000000000000000 00000000000000000000000000000000 00000000000000000000000000000000 00000000000000000000000000000000 00000000000000000000000000000000 00000000000000000000000000000000 00000000000000000000000000000000 00000000000000000000000000000000 00000000000000000000000000000000
00000000000000000000000001011000 00000000000000000000000000000000 00000000000000000000000000100100 00000000000000000000000101111100 00000000000000000000000000000000 00000000000000000000000000000000 00000000000000000000000000000100 00000000000000000000000000000000 00000000000000000000000000000000 00000000000000000000000000001000 00000000000000000000000000000000 00000000000000000000000000000000 00000000000000000000000000000000 00000000000000000000000000000000 00000000000000000000000000000000 00000000000000000000000000000000 00000000000000000000000000000000 00000000000000000000000000000000 00000000000000000000000000000000 00000000000000000000000000000000 00000000000000000000000000000000 00000000000000000000000000001000 00000000000000001000000000000000 00000000000000000000000000010100 00000000000000000000000000000000 00000000000000000000000000000000 00000000000000000000000000000000 00000000000000000000000000000000 00000000000000000000000000000000 00000000000000000000000000000000 00000000000000000000000000000000 00000000000000000000000000000000 00000000000000000000000000000000
00000000000000000000000001011100 00000000000000000000000000000000 00000000000000000000000000100100 00000000000000000000000101111100 00000000000000000000000000000000 00000000000000000000000000000000 00000000000000000000000000000100 00000000000000000000000000000000 00000000000000000000000000000000 00000000000000000000000000001000 00000000000000000000000000000000 00000000000000000000000000000000 00000000000000000000000000000000 00000000000000000000000000000000 00000000000000000000000000000000 00000000000000000000000000000000 00000000000000000000000000000000 00000000000000000000000000000000 00000000000000000000000000000000 00000000000000000000000000000000 00000000000000000000000000000000 00000000000000000000000000001000 00000000000000010000000000000000 00000000000000000000000000010100 00000000000000000000000000000000 00000000000000000000000000000000 00000000000000000000000000000000 00000000000000000000000000000000 00000000000000000000000000000000 00000000000000000000000000000000 00000000000000000000000000000000 00000000000000000000000000000000 00000000000000000000000000000000
00000000000000000000000001100000 00000000000000000000000000000000 00000000000000000000000000100100 00000000000000000000000101111100 00000000000000000000000000000000 00000000000000000000000000000000 00000000000000000000000000000100 00000000000000000000000000000000 00000000000000000000000000000000 00000000000000000000000000001000 00000000000000000000000000000000 00000000000000000000000000000000 00000000000000000000000000000000 00000000000000000000000000000000 00000000000000000000000000000000 00000000000000000000000000000000 00000000000000000000000000000000 00000000000000000000000000000000 00000000000000000000000000000000 00000000000000000000000000000000 00000000000000000000000000000000 00000000000000000000000000001000 00000000000000010000000000000000 00000000000000000000000000010100 00000000000000000000000000000000 00000000000000000000000000000000 00000000000000000000000000000000 00000000000000000000000000000000 00000000000000000000000000000000 00000000000000000000000000000000 00000000000000000000000000000000 00000000000000000000000000000000 00000000000000000000000000000000
00000000000000000000000001100100 00000000000000000000000000000000 00000000000000000000000000100100 00000000000000000000000101111100 00000000000000000000000000000000 00000000000000000000000000000000 00000000000000000000000000000100 00000000000000000000000000000000 00000000000000000000000000000000 00000000000000000000000000001000 00000000000000000000000000000000 00000000000000000000000000000000 00000000000000000000000000000000 00000000000000000000000000000000 00000000000000000000000000000000 00000000000000000000000000000000 00000000000000000000000000000000 00000000000000000000000000000000 00000000000000000000000000000000 00000000000000000000000000000000 00000000000000000000000000000000 00000000000000000000000000001000 00000000000000010000000000000000 00000000000000000000000000010100 00000000000000000000000000000000 00000000000000000000000000000000 00000000000000000000000000000000 00000000000000000000000000000000 00000000000000000000000000000000 00000000000000000000000000000000 00000000000000000000000000000000 00000000000000000000000000000000 00000000000000000000000000000000
0x00000000:00000000000000000000000000000000
0x00000004:00000000000000000000000000000000
0x00000008:00000000000000000000000000000000
0x0000000C:00000000000000000000000000000000
0x00000010:00000000000000000000000000000000
0x00000014:00000000000000000000000000000000
0x00000018:00000000000000000000000000000000
0x0000001C:00000000000000000000000000000000
0x00000020:00000000000000000000000000000000
0x00000024:00000000000000000000000000000000
0x00000028:00000000000000000000000000000000
0x0000002C:00000000000000000000000000000000
0x00000030:00000000000000000000000000000000
0x00000034:00000000000000000000000000000000
0x00000038:00000000000000000000000000000000
0x0000003C:00000000000000000000000000000000
0x00000040:00000000000000000000000000000000
0x00000044:00000000000000000000000000000000
0x00000048:00000000000000000000000000000000
0x0000004C:00000000000000000000000000000000
0x00000050:00000000000000000000000000000000
0x00000054:00000000000000000000000000000000
0x00000058:00000000000000000000000000000000
0x0000005C:00000000000000000000000000000000
0x00000060:00000000000000000000000000000000
0x00000064:00000000000000000000000000000000
0x00000068:00000000000000000000000000000000
0x0000006C:00000000000000000000000000000000
0x00000070:00000000000000000000000000000000
0x00000074:00000000000000000000000000000000
0x00000078:00000000000000000000000000000000
0x0000007C:00000000000000000000000000000000
